------------------------------------------------------------ time ----------------------------------------------------------
talla      Cota1I      Cota1E      Cota4I      Cota4E      Cota5I      Cota5E      Cota6I      Cota6E      Cota7I      Cota7E 
    5        0.00        0.00        0.00        0.00        0.00        0.00        0.00        0.00        0.00        0.00 
    6        0.00        0.00        0.00        0.00        0.00        0.00        0.00        0.00        0.00        0.00 
    7        0.00        0.00        0.00        0.00        0.00        0.00        0.00        0.00        0.00        0.00 
    8        0.00        0.00        0.00        0.00        0.00        0.00        0.00        0.00        0.00        0.00 
    9        0.01        0.01        0.00        0.00        0.00        0.00        0.00        0.01        0.02        0.02 
   10        0.01        0.01        0.00        0.00        0.00        0.00        0.01        0.01        0.02        0.03 

--------------------------------------------------------- iterations -------------------------------------------------------
talla      Cota1I      Cota1E      Cota4I      Cota4E      Cota5I      Cota5E      Cota6I      Cota6E      Cota7I      Cota7E 
    5       21.50       21.50       12.00       12.00        5.50        5.50       15.00       15.00       14.50       14.50 
    6       46.00       46.00       20.50       20.50        8.50        8.50       28.00       28.00       25.50       25.50 
    7      164.50      164.50       69.50       69.50       19.00       19.00       87.50       87.50       76.00       76.00 
    8      484.50      484.50      111.50      111.50       17.00       17.00      210.00      210.00      188.00      188.00 
    9     2606.50     2606.50      436.50      436.50       81.50       81.50     1186.00     1186.00     1004.00     1004.00 
   10     2863.00     2863.00      581.00      581.00       97.00       97.00     1304.50     1304.50     1215.50     1215.50 

--------------------------------------------------------- gen_states -------------------------------------------------------
talla      Cota1I      Cota1E      Cota4I      Cota4E      Cota5I      Cota5E      Cota6I      Cota6E      Cota7I      Cota7E 
    5       31.00       31.00       18.50       18.50       11.50       11.50       23.00       23.00       22.50       22.50 
    6       65.50       65.50       32.50       32.50       17.50       17.50       44.00       44.00       40.50       40.50 
    7      235.50      235.50      111.00      111.00       44.00       44.00      155.50      155.50      141.00      141.00 
    8      820.50      820.50      237.50      237.50       51.00       51.00      428.00      428.00      393.00      393.00 
    9     4308.50     4308.50      930.50      930.50      258.00      258.00     2389.00     2389.00     2071.50     2071.50 
   10     4612.00     4612.00     1189.50     1189.50      278.00      278.00     2567.50     2567.50     2399.50     2399.50 

--------------------------------------------------------- podas_opt --------------------------------------------------------
talla      Cota1I      Cota1E      Cota4I      Cota4E      Cota5I      Cota5E      Cota6I      Cota6E      Cota7I      Cota7E 
    5        2.00        2.00        3.00        3.00        1.00        1.00        0.50        0.50        2.00        2.00 
    6        6.50        6.50        2.00        2.00        0.50        0.50        0.00        0.00        4.50        4.50 
    7       34.00       34.00       30.50       30.50        5.50        5.50       37.50       37.50       29.50       29.50 
    8      227.00      227.00       33.50       33.50        1.50        1.50       28.00       28.00       40.50       40.50 
    9     1161.50     1161.50       18.00       18.00       12.00       12.00      118.00      118.00      287.00      287.00 
   10     1586.50     1586.50      586.00      586.00       11.50       11.50      332.00      332.00      362.00      362.00 

------------------------------------------------------------ maxA ----------------------------------------------------------
talla      Cota1I      Cota1E      Cota4I      Cota4E      Cota5I      Cota5E      Cota6I      Cota6E      Cota7I      Cota7E 
    5       10.00       10.00        6.00        6.00        6.50        6.50        9.00        9.00        8.50        8.50 
    6       18.00       18.00       12.00       12.00        9.50        9.50       15.50       15.50       11.50       11.50 
    7       61.00       61.00       18.00       18.00       20.50       20.50       52.00       51.00       46.50       46.50 
    8      243.50      242.00       92.50       89.50       34.00       34.00      192.50      191.50      167.50      167.50 
    9     1246.00     1242.50      454.50      445.50      165.50      165.50     1076.00     1075.50      780.50      780.50 
   10     1212.50     1212.50      177.50      171.50      170.50      170.50     1121.00     1121.00      965.00      965.00 

--------------------------------------------------------- podas_expl -------------------------------------------------------
talla      Cota1I      Cota1E      Cota4I      Cota4E      Cota5I      Cota5E      Cota6I      Cota6E      Cota7I      Cota7E 
    5        0.00        0.00        0.00        1.50        0.00        5.00        0.00        5.00        0.00        4.00 
    6        0.00        1.50        0.00        8.50        0.00        8.50        0.00       14.00        0.00        9.50 
    7        0.00        0.00        0.00        0.00        0.00       19.50        0.00       22.50        0.00       29.50 
    8        0.00       41.50        0.00       83.50        0.00       32.50        0.00      184.50        0.00      160.00 
    9        0.00      181.00        0.00      450.00        0.00      164.50        0.00     1041.00        0.00      750.50 
   10        0.00       66.50        0.00       13.50        0.00      169.50        0.00      922.00        0.00      813.50 

--------------------------------------------------------- cost_expl --------------------------------------------------------
talla      Cota1I      Cota1E      Cota4I      Cota4E      Cota5I      Cota5E      Cota6I      Cota6E      Cota7I      Cota7E 
    5        0.00       10.00        0.00        4.50        0.00        5.50        0.00        8.00        0.00        6.50 
    6        0.00       16.50        0.00       11.00        0.00        8.50        0.00       14.00        0.00        9.50 
    7        0.00       43.50        0.00       10.00        0.00       19.50        0.00       69.00        0.00       77.00 
    8        0.00      584.00        0.00      207.00        0.00       32.50        0.00      508.00        0.00      326.50 
    9        0.00     3607.00        0.00     1639.50        0.00      164.50        0.00     3544.00        0.00     1288.50 
   10        0.00     1098.00        0.00      147.00        0.00      169.50        0.00     1831.00        0.00     1547.00 

